#eat8a/eat8a_obs_T2.txt
#(obs_num,times)=: 28
#
#content form:  
#                        row, col, t0, t1,...,tn 
#                        -1,-1, 5,10,...100               #1.the first row is the time time monments.
#                        100,200,0.1,0.3,...,0.6          #2.then the after rows are the observation data.
#                        100,400,0.2,0.4,...,0.8          #3.the each row is the observation data of the corresponding cell.
#                        300,500,0.3,0.5,...,0.7          #4.row and col are the index of the cell in the original DEM.
#
-1.00 -1.00 60.00 120.00 180.00 240.00
28.00 123.00 2.00 2.56 8.96 23.81
82.00 122.00 1.88 2.52 28.24 49.47
116.00 116.00 2.40 11.93 31.20 45.02
147.00 101.00 3.02 21.75 35.08 38.73
162.00 190.00 2.50 7.15 34.71 68.70
126.00 184.00 2.65 3.92 4.39 5.96
111.00 258.00 1.72 3.38 5.44 8.10
140.00 282.00 2.79 10.28 13.86 16.80
77.00 254.00 2.45 5.85 7.48 20.54
117.00 311.00 1.93 2.75 6.15 7.94
64.00 320.00 2.07 7.45 31.97 65.81
117.00 353.00 7.17 59.49 140.85 285.92
40.00 433.00 3.24 15.23 19.15 19.61
111.00 446.00 1.82 2.67 2.70 2.71
158.00 450.00 1.50 1.83 3.31 19.43
165.00 352.00 1.26 1.39 1.39 1.40
145.00 351.00 4.21 6.98 7.07 7.07
160.00 312.00 3.81 19.96 34.82 48.09
184.00 407.00 8.06 47.47 108.63 142.00
194.00 379.00 6.59 23.41 28.80 29.31
185.00 389.00 2.66 3.70 3.84 3.91
185.00 369.00 2.79 5.70 7.53 8.41
190.00 430.00 5.20 10.87 17.94 21.59
179.00 480.00 3.99 24.08 42.66 52.99
21.00 475.00 2.29 3.77 3.90 3.90
115.00 384.00 5.56 27.87 44.25 54.71
196.00 81.00 9.25 15.46 15.53 15.53
81.00 182.00 3.14 9.59 34.85 53.28
